 Corr.Time[ms]           Correlation(1->2+2->1)  Weighting(1->2+2->1)    Correlation(1->2)       Weighting(1->2)         Correlation(2->1)       Weighting(2->1)
 4.49999992270023E-0004  1.00587916823071E+0000  3.02054161328866E+0001  1.00587916823071E+0000  3.02054161328866E+0001  1.00587916823071E+0000  3.02054161328866E+0001
 5.49999997019768E-0004  1.08338065001965E+0000  3.96013722453832E+0001  1.08338065001965E+0000  3.96013722453832E+0001  1.08338065001965E+0000  3.96013722453832E+0001
 6.50000001769513E-0004  1.05433330612142E+0000  4.37915062786766E+0001  1.05433330612142E+0000  4.37915062786766E+0001  1.05433330612142E+0000  4.37915062786766E+0001
 7.50000006519258E-0004  9.85643287210477E-0001  4.24389008103063E+0001  9.85643287210477E-0001  4.24389008103063E+0001  9.85643287210477E-0001  4.24389008103063E+0001
 8.99999984540045E-0004  1.03190993905743E+0000  3.43562560032206E+0001  1.03190993905743E+0000  3.43562560032206E+0001  1.03190993905743E+0000  3.43562560032206E+0001
 1.09999999403953E-0003  1.01607334400750E+0000  4.57162625784756E+0001  1.01607334400750E+0000  4.57162625784756E+0001  1.01607334400750E+0000  4.57162625784756E+0001
 1.30000000353902E-0003  1.01744233076843E+0000  4.65107731625954E+0001  1.01744233076843E+0000  4.65107731625954E+0001  1.01744233076843E+0000  4.65107731625954E+0001
 1.50000001303851E-0003  1.08305890605916E+0000  4.72637131060045E+0001  1.08305890605916E+0000  4.72637131060045E+0001  1.08305890605916E+0000  4.72637131060045E+0001
 1.70000002253801E-0003  1.08095025912392E+0000  6.20404405668674E+0001  1.08095025912392E+0000  6.20404405668674E+0001  1.08095025912392E+0000  6.20404405668674E+0001
 1.90000003203750E-0003  1.04851937545319E+0000  3.24321253901186E+0001  1.04851937545319E+0000  3.24321253901186E+0001  1.04851937545319E+0000  3.24321253901186E+0001
 2.09999992512166E-0003  1.06841478660414E+0000  5.17118686802360E+0001  1.06841478660414E+0000  5.17118686802360E+0001  1.06841478660414E+0000  5.17118686802360E+0001
 2.30000005103648E-0003  1.05491856312269E+0000  4.09732674801426E+0001  1.05491856312269E+0000  4.09732674801426E+0001  1.05491856312269E+0000  4.09732674801426E+0001
 2.60000000707805E-0003  1.03783169337428E+0000  8.56837839643551E+0001  1.03783169337428E+0000  8.56837839643551E+0001  1.03783169337428E+0000  8.56837839643551E+0001
 3.00000002607703E-0003  1.04385729840307E+0000  9.59347354283239E+0001  1.04385729840307E+0000  9.59347354283239E+0001  1.04385729840307E+0000  9.59347354283239E+0001
 3.40000004507601E-0003  1.03267991840301E+0000  1.12033279284058E+0002  1.03267991840301E+0000  1.12033279284058E+0002  1.03267991840301E+0000  1.12033279284058E+0002
 3.80000006407499E-0003  1.07217266488416E+0000  8.68329526992269E+0001  1.07217266488416E+0000  8.68329526992269E+0001  1.07217266488416E+0000  8.68329526992269E+0001
 4.19999985024333E-0003  1.07123449733687E+0000  1.63875410242262E+0002  1.07123449733687E+0000  1.63875410242262E+0002  1.07123449733687E+0000  1.63875410242262E+0002
 4.60000010207295E-0003  1.07143152192301E+0000  6.94684141570117E+0001  1.07143152192301E+0000  6.94684141570117E+0001  1.07143152192301E+0000  6.94684141570117E+0001
 4.99999988824129E-0003  1.03738147880358E+0000  8.79566877579867E+0001  1.03738147880358E+0000  8.79566877579867E+0001  1.03738147880358E+0000  8.79566877579867E+0001
 5.40000014007092E-0003  1.05244732712389E+0000  5.64096784679886E+0001  1.05244732712389E+0000  5.64096784679886E+0001  1.05244732712389E+0000  5.64096784679886E+0001
 6.00000005215406E-0003  1.03851450028778E+0000  9.32438430121710E+0001  1.03851450028778E+0000  9.32438430121710E+0001  1.03851450028778E+0000  9.32438430121710E+0001
 6.80000009015203E-0003  1.05760294700987E+0000  1.29356106766667E+0002  1.05760294700987E+0000  1.29356106766667E+0002  1.05760294700987E+0000  1.29356106766667E+0002
 7.60000012814999E-0003  1.04317123919293E+0000  1.37054885849784E+0002  1.04317123919293E+0000  1.37054885849784E+0002  1.04317123919293E+0000  1.37054885849784E+0002
 8.39999970048666E-0003  1.04573365943768E+0000  1.02704403903478E+0002  1.04573365943768E+0000  1.02704403903478E+0002  1.04573365943768E+0000  1.02704403903478E+0002
 9.20000020414591E-0003  1.05547486773548E+0000  1.30802602234885E+0002  1.05547486773548E+0000  1.30802602234885E+0002  1.05547486773548E+0000  1.30802602234885E+0002
 9.99999977648258E-0003  1.05150285139375E+0000  1.31281705383650E+0002  1.05150285139375E+0000  1.31281705383650E+0002  1.05150285139375E+0000  1.31281705383650E+0002
 1.08000002801418E-0002  1.05298348756423E+0000  1.65855868364658E+0002  1.05298348756423E+0000  1.65855868364658E+0002  1.05298348756423E+0000  1.65855868364658E+0002
 1.15999998524785E-0002  1.04802357302376E+0000  9.47189382969392E+0001  1.04802357302376E+0000  9.47189382969392E+0001  1.04802357302376E+0000  9.47189382969392E+0001
 1.27999996766448E-0002  1.05529091567900E+0000  1.30453806111961E+0002  1.05529091567900E+0000  1.30453806111961E+0002  1.05529091567900E+0000  1.30453806111961E+0002
 1.43999997526407E-0002  1.04667254788032E+0000  1.52312648818084E+0002  1.04667254788032E+0000  1.52312648818084E+0002  1.04667254788032E+0000  1.52312648818084E+0002
 1.60000007599592E-0002  1.04327697210392E+0000  1.32858244817614E+0002  1.04327697210392E+0000  1.32858244817614E+0002  1.04327697210392E+0000  1.32858244817614E+0002
 1.75999999046326E-0002  1.03827451080961E+0000  1.66968234032814E+0002  1.03827451080961E+0000  1.66968234032814E+0002  1.03827451080961E+0000  1.66968234032814E+0002
 1.92000009119511E-0002  1.04705190372479E+0000  1.87804303174165E+0002  1.04705190372479E+0000  1.87804303174165E+0002  1.04705190372479E+0000  1.87804303174165E+0002
 2.08000000566244E-0002  1.05288801387803E+0000  1.03738182250712E+0002  1.05288801387803E+0000  1.03738182250712E+0002  1.05288801387803E+0000  1.03738182250712E+0002
 2.23999992012978E-0002  1.05558586624859E+0000  2.01058621894649E+0002  1.05558586624859E+0000  2.01058621894649E+0002  1.05558586624859E+0000  2.01058621894649E+0002
 2.40000002086163E-0002  1.04655498037838E+0000  1.83877298162779E+0002  1.04655498037838E+0000  1.83877298162779E+0002  1.04655498037838E+0000  1.83877298162779E+0002
 2.63999998569489E-0002  1.04503571115999E+0000  4.89293568923798E+0002  1.04503571115999E+0000  4.89293568923798E+0002  1.04503571115999E+0000  4.89293568923798E+0002
 2.96000000089407E-0002  1.04117966498157E+0000  2.16135674367965E+0002  1.04117966498157E+0000  2.16135674367965E+0002  1.04117966498157E+0000  2.16135674367965E+0002
 3.28000001609325E-0002  1.03044657124315E+0000  2.98672161424846E+0002  1.03044657124315E+0000  2.98672161424846E+0002  1.03044657124315E+0000  2.98672161424846E+0002
 3.59999984502792E-0002  1.02912528938685E+0000  2.48731558271710E+0002  1.02912528938685E+0000  2.48731558271710E+0002  1.02912528938685E+0000  2.48731558271710E+0002
 3.92000004649162E-0002  1.04023012313081E+0000  1.90323729077703E+0002  1.04023012313081E+0000  1.90323729077703E+0002  1.04023012313081E+0000  1.90323729077703E+0002
 4.23999987542629E-0002  1.03711213072476E+0000  1.95410545810560E+0002  1.03711213072476E+0000  1.95410545810560E+0002  1.03711213072476E+0000  1.95410545810560E+0002
 4.56000007688999E-0002  1.02886358330536E+0000  2.45657753011938E+0002  1.02886358330536E+0000  2.45657753011938E+0002  1.02886358330536E+0000  2.45657753011938E+0002
 4.87999990582466E-0002  1.03328083114155E+0000  1.70412230629925E+0002  1.03328083114155E+0000  1.70412230629925E+0002  1.03328083114155E+0000  1.70412230629925E+0002
 5.35999983549118E-0002  1.02883451528285E+0000  3.95045637305359E+0002  1.02883451528285E+0000  3.95045637305359E+0002  1.02883451528285E+0000  3.95045637305359E+0002
 5.99999986588955E-0002  1.02246238092796E+0000  3.25568890339990E+0002  1.02246238092796E+0000  3.25568890339990E+0002  1.02246238092796E+0000  3.25568890339990E+0002
 6.63999989628792E-0002  1.02347277885420E+0000  3.16256030374754E+0002  1.02347277885420E+0000  3.16256030374754E+0002  1.02347277885420E+0000  3.16256030374754E+0002
 7.28000029921532E-0002  1.01187700006196E+0000  1.92324769789183E+0002  1.01187700006196E+0000  1.92324769789183E+0002  1.01187700006196E+0000  1.92324769789183E+0002
 7.91999995708466E-0002  1.01538961223225E+0000  3.45666297876903E+0002  1.01538961223225E+0000  3.45666297876903E+0002  1.01538961223225E+0000  3.45666297876903E+0002
 8.56000036001206E-0002  1.01408280858250E+0000  5.04463625919530E+0002  1.01408280858250E+0000  5.04463625919530E+0002  1.01408280858250E+0000  5.04463625919530E+0002
 9.20000001788139E-0002  9.99717332403177E-0001  2.53858073548125E+0002  9.99717332403177E-0001  2.53858073548125E+0002  9.99717332403177E-0001  2.53858073548125E+0002
 9.83999967575073E-0002  1.00570414704421E+0000  3.12583233621306E+0002  1.00570414704421E+0000  3.12583233621306E+0002  1.00570414704421E+0000  3.12583233621306E+0002
 1.08000002801418E-0001  9.98039858723421E-0001  2.27873881730907E+0002  9.98039858723421E-0001  2.27873881730907E+0002  9.98039858723421E-0001  2.27873881730907E+0002
 1.20800003409385E-0001  9.95172743259500E-0001  3.77818166399615E+0002  9.95172743259500E-0001  3.77818166399615E+0002  9.95172743259500E-0001  3.77818166399615E+0002
 1.33599996566772E-0001  9.85357912874026E-0001  2.35262931446787E+0002  9.85357912874026E-0001  2.35262931446787E+0002  9.85357912874026E-0001  2.35262931446787E+0002
 1.46400004625320E-0001  9.78076677846532E-0001  2.76317763497274E+0002  9.78076677846532E-0001  2.76317763497274E+0002  9.78076677846532E-0001  2.76317763497274E+0002
 1.59199997782707E-0001  9.74006215052258E-0001  4.77298122089569E+0002  9.74006215052258E-0001  4.77298122089569E+0002  9.74006215052258E-0001  4.77298122089569E+0002
 1.72000005841255E-0001  9.67789504875426E-0001  2.76739861594130E+0002  9.67789504875426E-0001  2.76739861594130E+0002  9.67789504875426E-0001  2.76739861594130E+0002
 1.84799998998642E-0001  9.54371830244034E-0001  2.66310744007561E+0002  9.54371830244034E-0001  2.66310744007561E+0002  9.54371830244034E-0001  2.66310744007561E+0002
 1.97600007057190E-0001  9.53827836694894E-0001  2.99840560700126E+0002  9.53827836694894E-0001  2.99840560700126E+0002  9.53827836694894E-0001  2.99840560700126E+0002
 2.16800004243851E-0001  9.41228147717272E-0001  2.68475190540300E+0002  9.41228147717272E-0001  2.68475190540300E+0002  9.41228147717272E-0001  2.68475190540300E+0002
 2.42400005459785E-0001  9.35143574832095E-0001  3.36140361065484E+0002  9.35143574832095E-0001  3.36140361065484E+0002  9.35143574832095E-0001  3.36140361065484E+0002
 2.68000006675720E-0001  9.22390893118052E-0001  3.48895694097721E+0002  9.22390893118052E-0001  3.48895694097721E+0002  9.22390893118052E-0001  3.48895694097721E+0002
 2.93599992990494E-0001  9.10520426248064E-0001  4.75382284012659E+0002  9.10520426248064E-0001  4.75382284012659E+0002  9.10520426248064E-0001  4.75382284012659E+0002
 3.19200009107590E-0001  8.99331957937148E-0001  4.00273269872551E+0002  8.99331957937148E-0001  4.00273269872551E+0002  8.99331957937148E-0001  4.00273269872551E+0002
 3.44799995422363E-0001  8.91448388329802E-0001  4.72360512475213E+0002  8.91448388329802E-0001  4.72360512475213E+0002  8.91448388329802E-0001  4.72360512475213E+0002
 3.70400011539459E-0001  8.77187950611435E-0001  3.46928472287968E+0002  8.77187950611435E-0001  3.46928472287968E+0002  8.77187950611435E-0001  3.46928472287968E+0002
 3.95999997854233E-0001  8.70695452030072E-0001  3.58729399943086E+0002  8.70695452030072E-0001  3.58729399943086E+0002  8.70695452030072E-0001  3.58729399943086E+0002
 4.34399992227554E-0001  8.55023697336834E-0001  4.71182378263302E+0002  8.55023697336834E-0001  4.71182378263302E+0002  8.55023697336834E-0001  4.71182378263302E+0002
 4.85599994659424E-0001  8.36543694569277E-0001  4.69364476310401E+0002  8.36543694569277E-0001  4.69364476310401E+0002  8.36543694569277E-0001  4.69364476310401E+0002
 5.36800026893616E-0001  8.18968254146107E-0001  5.89753105568561E+0002  8.18968254146107E-0001  5.89753105568561E+0002  8.18968254146107E-0001  5.89753105568561E+0002
 5.87999999523163E-0001  8.00223977258705E-0001  4.51141095104661E+0002  8.00223977258705E-0001  4.51141095104661E+0002  8.00223977258705E-0001  4.51141095104661E+0002
 6.39199972152710E-0001  7.86897803797425E-0001  4.60852866958074E+0002  7.86897803797425E-0001  4.60852866958074E+0002  7.86897803797425E-0001  4.60852866958074E+0002
 6.90400004386902E-0001  7.67965286296658E-0001  4.22751845483131E+0002  7.67965286296658E-0001  4.22751845483131E+0002  7.67965286296658E-0001  4.22751845483131E+0002
 7.41599977016449E-0001  7.54156540905735E-0001  3.86248801124922E+0002  7.54156540905735E-0001  3.86248801124922E+0002  7.54156540905735E-0001  3.86248801124922E+0002
 7.92800009250641E-0001  7.38734622025899E-0001  3.22544548453812E+0002  7.38734622025899E-0001  3.22544548453812E+0002  7.38734622025899E-0001  3.22544548453812E+0002
 8.69599997997284E-0001  7.18062414550134E-0001  3.90601363799151E+0002  7.18062414550134E-0001  3.90601363799151E+0002  7.18062414550134E-0001  3.90601363799151E+0002
 9.72000002861023E-0001  6.90902109341580E-0001  3.65280002902921E+0002  6.90902109341580E-0001  3.65280002902921E+0002  6.90902109341580E-0001  3.65280002902921E+0002
 1.07439994812012E+0000  6.65588219138911E-0001  4.01788889647274E+0002  6.65588219138911E-0001  4.01788889647274E+0002  6.65588219138911E-0001  4.01788889647274E+0002
 1.17680001258850E+0000  6.43213238899983E-0001  3.41878253415419E+0002  6.43213238899983E-0001  3.41878253415419E+0002  6.43213238899983E-0001  3.41878253415419E+0002
 1.27919995784760E+0000  6.21237764503944E-0001  2.74303199250765E+0002  6.21237764503944E-0001  2.74303199250765E+0002  6.21237764503944E-0001  2.74303199250765E+0002
 1.38160002231598E+0000  6.00723354425215E-0001  3.44218935991885E+0002  6.00723354425215E-0001  3.44218935991885E+0002  6.00723354425215E-0001  3.44218935991885E+0002
 1.48399996757507E+0000  5.80553055506682E-0001  3.39850833505319E+0002  5.80553055506682E-0001  3.39850833505319E+0002  5.80553055506682E-0001  3.39850833505319E+0002
 1.58640003204346E+0000  5.60745487721263E-0001  3.22858035258449E+0002  5.60745487721263E-0001  3.22858035258449E+0002  5.60745487721263E-0001  3.22858035258449E+0002
 1.74000000953674E+0000  5.37520811173514E-0001  3.08878272473932E+0002  5.37520811173514E-0001  3.08878272473932E+0002  5.37520811173514E-0001  3.08878272473932E+0002
 1.94480001926422E+0000  5.05409668138797E-0001  2.92557388028631E+0002  5.05409668138797E-0001  2.92557388028631E+0002  5.05409668138797E-0001  2.92557388028631E+0002
 2.14960002899170E+0000  4.77782920717346E-0001  2.55090865060843E+0002  4.77782920717346E-0001  2.55090865060843E+0002  4.77782920717346E-0001  2.55090865060843E+0002
 2.35439991950989E+0000  4.53112004029835E-0001  2.71293640622790E+0002  4.53112004029835E-0001  2.71293640622790E+0002  4.53112004029835E-0001  2.71293640622790E+0002
 2.55920004844666E+0000  4.29755930705802E-0001  2.79008850266846E+0002  4.29755930705802E-0001  2.79008850266846E+0002  4.29755930705802E-0001  2.79008850266846E+0002
 2.76399993896484E+0000  4.09457800981922E-0001  2.86545196908761E+0002  4.09457800981922E-0001  2.86545196908761E+0002  4.09457800981922E-0001  2.86545196908761E+0002
 2.96880006790161E+0000  3.90744767762380E-0001  2.74240254379125E+0002  3.90744767762380E-0001  2.74240254379125E+0002  3.90744767762380E-0001  2.74240254379125E+0002
 3.17359995841980E+0000  3.73409664272008E-0001  2.71716837113470E+0002  3.73409664272008E-0001  2.71716837113470E+0002  3.73409664272008E-0001  2.71716837113470E+0002
 3.48079991340637E+0000  3.50224051021903E-0001  2.82120887395437E+0002  3.50224051021903E-0001  2.82120887395437E+0002  3.50224051021903E-0001  2.82120887395437E+0002
 3.89039993286133E+0000  3.22694699402335E-0001  2.70762758827130E+0002  3.22694699402335E-0001  2.70762758827130E+0002  3.22694699402335E-0001  2.70762758827130E+0002
 4.30000019073486E+0000  2.98513013966598E-0001  2.98363528539472E+0002  2.98513013966598E-0001  2.98363528539472E+0002  2.98513013966598E-0001  2.98363528539472E+0002
 4.70959997177124E+0000  2.77314238035317E-0001  3.51923488816809E+0002  2.77314238035317E-0001  3.51923488816809E+0002  2.77314238035317E-0001  3.51923488816809E+0002
 5.11920022964478E+0000  2.59136865577395E-0001  3.43148769618425E+0002  2.59136865577395E-0001  3.43148769618425E+0002  2.59136865577395E-0001  3.43148769618425E+0002
 5.52880001068115E+0000  2.43637142645853E-0001  3.70835329865248E+0002  2.43637142645853E-0001  3.70835329865248E+0002  2.43637142645853E-0001  3.70835329865248E+0002
 5.93839979171753E+0000  2.30273953226418E-0001  3.22143751736171E+0002  2.30273953226418E-0001  3.22143751736171E+0002  2.30273953226418E-0001  3.22143751736171E+0002
 6.34800004959106E+0000  2.18148754530515E-0001  3.44545230648639E+0002  2.18148754530515E-0001  3.44545230648639E+0002  2.18148754530515E-0001  3.44545230648639E+0002
 6.96239995956421E+0000  2.02964170244458E-0001  3.19103795455937E+0002  2.02964170244458E-0001  3.19103795455937E+0002  2.02964170244458E-0001  3.19103795455937E+0002
 7.78159999847412E+0000  1.85541407553322E-0001  2.92038552991548E+0002  1.85541407553322E-0001  2.92038552991548E+0002  1.85541407553322E-0001  2.92038552991548E+0002
 8.60079956054687E+0000  1.69531447674002E-0001  2.83768065399736E+0002  1.69531447674002E-0001  2.83768065399736E+0002  1.69531447674002E-0001  2.83768065399736E+0002
 9.42000007629395E+0000  1.53689175273435E-0001  2.84699304597087E+0002  1.53689175273435E-0001  2.84699304597087E+0002  1.53689175273435E-0001  2.84699304597087E+0002
 1.02391996383667E+0001  1.42365791084616E-0001  2.45180331491622E+0002  1.42365791084616E-0001  2.45180331491622E+0002  1.42365791084616E-0001  2.45180331491622E+0002
 1.10584001541137E+0001  1.31918940916269E-0001  2.43421665837706E+0002  1.31918940916269E-0001  2.43421665837706E+0002  1.31918940916269E-0001  2.43421665837706E+0002
 1.18775997161865E+0001  1.23223473340053E-0001  2.32208402505293E+0002  1.23223473340053E-0001  2.32208402505293E+0002  1.23223473340053E-0001  2.32208402505293E+0002
 1.26968002319335E+0001  1.14830603770167E-0001  2.27151989965223E+0002  1.14830603770167E-0001  2.27151989965223E+0002  1.14830603770167E-0001  2.27151989965223E+0002
 1.39256000518798E+0001  1.03335633060964E-0001  2.36587886787780E+0002  1.03335633060964E-0001  2.36587886787780E+0002  1.03335633060964E-0001  2.36587886787780E+0002
 1.55640001296997E+0001  9.15160219868358E-0002  2.64981715010466E+0002  9.15160219868358E-0002  2.64981715010466E+0002  9.15160219868358E-0002  2.64981715010466E+0002
 1.72024002075195E+0001  8.27375957606942E-0002  2.46858907523691E+0002  8.27375957606942E-0002  2.46858907523691E+0002  8.27375957606942E-0002  2.46858907523691E+0002
 1.88407993316650E+0001  7.93987207505116E-0002  2.51844971598512E+0002  7.93987207505116E-0002  2.51844971598512E+0002  7.93987207505116E-0002  2.51844971598512E+0002
 2.04792003631592E+0001  7.21123729405972E-0002  2.21003649958903E+0002  7.21123729405972E-0002  2.21003649958903E+0002  7.21123729405972E-0002  2.21003649958903E+0002
 2.21175994873047E+0001  6.46892198593521E-0002  1.95602607760518E+0002  6.46892198593521E-0002  1.95602607760518E+0002  6.46892198593521E-0002  1.95602607760518E+0002
 2.37560005187988E+0001  5.80384929557948E-0002  1.83711626711700E+0002  5.80384929557948E-0002  1.83711626711700E+0002  5.80384929557948E-0002  1.83711626711700E+0002
 2.53943996429443E+0001  5.24178626584966E-0002  2.00835733877524E+0002  5.24178626584966E-0002  2.00835733877524E+0002  5.24178626584966E-0002  2.00835733877524E+0002
 2.78519992828369E+0001  4.63819173433735E-0002  2.81210022281050E+0002  4.63819173433735E-0002  2.81210022281050E+0002  4.63819173433735E-0002  2.81210022281050E+0002
 3.11287994384766E+0001  3.71193172259439E-0002  3.65185306761756E+0002  3.71193172259439E-0002  3.65185306761756E+0002  3.71193172259439E-0002  3.65185306761756E+0002
 3.44056015014648E+0001  3.64088658901812E-0002  3.09773336751846E+0002  3.64088658901812E-0002  3.09773336751846E+0002  3.64088658901812E-0002  3.09773336751846E+0002
 3.76823997497559E+0001  3.15803386215645E-0002  2.60517501796849E+0002  3.15803386215645E-0002  2.60517501796849E+0002  3.15803386215645E-0002  2.60517501796849E+0002
 4.09592018127441E+0001  2.78033728467055E-0002  1.80600882704183E+0002  2.78033728467055E-0002  1.80600882704183E+0002  2.78033728467055E-0002  1.80600882704183E+0002
 4.42360000610352E+0001  2.32817314325267E-0002  1.58665144559008E+0002  2.32817314325267E-0002  1.58665144559008E+0002  2.32817314325267E-0002  1.58665144559008E+0002
 4.75127983093262E+0001  2.36164446384208E-0002  1.72121797436154E+0002  2.36164446384208E-0002  1.72121797436154E+0002  2.36164446384208E-0002  1.72121797436154E+0002
 5.07896003723145E+0001  2.00997302001894E-0002  1.52735463358951E+0002  2.00997302001894E-0002  1.52735463358951E+0002  2.00997302001894E-0002  1.52735463358951E+0002
 5.57047996520996E+0001  1.90159266474754E-0002  1.44851422570292E+0002  1.90159266474754E-0002  1.44851422570292E+0002  1.90159266474754E-0002  1.44851422570292E+0002
 6.22583999633789E+0001  1.78824888566636E-0002  1.60621439309332E+0002  1.78824888566636E-0002  1.60621439309332E+0002  1.78824888566636E-0002  1.60621439309332E+0002
 6.88119964599609E+0001  2.05489877641140E-0002  1.84644707202519E+0002  2.05489877641140E-0002  1.84644707202519E+0002  2.05489877641140E-0002  1.84644707202519E+0002
 7.53656005859375E+0001  1.78837494182234E-0002  1.61558246880644E+0002  1.78837494182234E-0002  1.61558246880644E+0002  1.78837494182234E-0002  1.61558246880644E+0002
 8.19191970825195E+0001  1.59946874108188E-0002  1.64887374064321E+0002  1.59946874108188E-0002  1.64887374064321E+0002  1.59946874108188E-0002  1.64887374064321E+0002
 8.84728012084961E+0001  1.37332930788212E-0002  1.82508905598560E+0002  1.37332930788212E-0002  1.82508905598560E+0002  1.37332930788212E-0002  1.82508905598560E+0002
 9.50263977050781E+0001  1.09278560408570E-0002  1.70943728107067E+0002  1.09278560408570E-0002  1.70943728107067E+0002  1.09278560408570E-0002  1.70943728107067E+0002
 1.01580001831054E+0002  7.47171450068146E-0003  1.50713167806577E+0002  7.47171450068146E-0003  1.50713167806577E+0002  7.47171450068146E-0003  1.50713167806577E+0002
 1.11410400390625E+0002  1.04410971142255E-0002  2.07425912528550E+0002  1.04410971142255E-0002  2.07425912528550E+0002  1.04410971142255E-0002  2.07425912528550E+0002
 1.24517601013183E+0002  5.48134851148599E-0003  2.75075952910538E+0002  5.48134851148599E-0003  2.75075952910538E+0002  5.48134851148599E-0003  2.75075952910538E+0002
 1.37624801635742E+0002  8.61837626160092E-0003  2.23366042655683E+0002  8.61837626160092E-0003  2.23366042655683E+0002  8.61837626160092E-0003  2.23366042655683E+0002
 1.50731994628906E+0002  4.85143244757910E-0003  2.55229689132801E+0002  4.85143244757910E-0003  2.55229689132801E+0002  4.85143244757910E-0003  2.55229689132801E+0002
 1.63839202880859E+0002  6.97102979937625E-0003  3.01425275351090E+0002  6.97102979937625E-0003  3.01425275351090E+0002  6.97102979937625E-0003  3.01425275351090E+0002
 1.76946395874023E+0002  1.00344185766885E-0003  1.71482527468571E+0002  1.00344185766885E-0003  1.71482527468571E+0002  1.00344185766885E-0003  1.71482527468571E+0002
 1.90053604125977E+0002  2.69667069061591E-0003  1.98820043220138E+0002  2.69667069061591E-0003  1.98820043220138E+0002  2.69667069061591E-0003  1.98820043220138E+0002
 2.03160797119141E+0002  3.17963742742284E-0003  1.99547279073604E+0002  3.17963742742284E-0003  1.99547279073604E+0002  3.17963742742284E-0003  1.99547279073604E+0002
 2.22821594238281E+0002  2.09545476069083E-0003  1.89205828582037E+0002  2.09545476069083E-0003  1.89205828582037E+0002  2.09545476069083E-0003  1.89205828582037E+0002
 2.49035995483398E+0002 -8.83794125391246E-0004  1.98925936689435E+0002 -8.83794125391246E-0004  1.98925936689435E+0002 -8.83794125391246E-0004  1.98925936689435E+0002
 2.75250396728516E+0002  2.46753027070468E-0003  2.09455592207221E+0002  2.46753027070468E-0003  2.09455592207221E+0002  2.46753027070468E-0003  2.09455592207221E+0002
 3.01464813232422E+0002 -1.84461738109795E-0003  2.58347011256279E+0002 -1.84461738109795E-0003  2.58347011256279E+0002 -1.84461738109795E-0003  2.58347011256279E+0002
 3.27679199218750E+0002  5.23844139702445E-0004  3.91986373633522E+0002  5.23844139702445E-0004  3.91986373633522E+0002  5.23844139702445E-0004  3.91986373633522E+0002
 3.53893585205078E+0002  6.01352672244885E-0003  2.47849903575408E+0002  6.01352672244885E-0003  2.47849903575408E+0002  6.01352672244885E-0003  2.47849903575408E+0002
 3.80108001708984E+0002  2.53285581187126E-0003  2.35802552976792E+0002  2.53285581187126E-0003  2.35802552976792E+0002  2.53285581187126E-0003  2.35802552976792E+0002
 4.06322387695313E+0002  9.18600732023089E-0004  1.83231240318914E+0002  9.18600732023089E-0004  1.83231240318914E+0002  9.18600732023089E-0004  1.83231240318914E+0002
 4.45644012451172E+0002  8.65315302713787E-0004  1.99449877588157E+0002  8.65315302713787E-0004  1.99449877588157E+0002  8.65315302713787E-0004  1.99449877588157E+0002
 4.98072814941406E+0002  8.11041037756921E-0004  2.88076262400946E+0002  8.11041037756921E-0004  2.88076262400946E+0002  8.11041037756921E-0004  2.88076262400946E+0002
 5.50501586914062E+0002 -3.49234368576600E-0003  3.22394018161983E+0002 -3.49234368576600E-0003  3.22394018161983E+0002 -3.49234368576600E-0003  3.22394018161983E+0002
 6.02930419921875E+0002 -8.53038147583303E-0003  2.49929146063860E+0002 -8.53038147583303E-0003  2.49929146063860E+0002 -8.53038147583303E-0003  2.49929146063860E+0002
 6.55359191894531E+0002 -5.00994742152734E-0003  2.73137360802317E+0002 -5.00994742152734E-0003  2.73137360802317E+0002 -5.00994742152734E-0003  2.73137360802317E+0002
 7.07788024902344E+0002 -2.43678318266891E-0003  4.14456493445060E+0002 -2.43678318266891E-0003  4.14456493445060E+0002 -2.43678318266891E-0003  4.14456493445060E+0002
 7.60216796875000E+0002 -4.23533703759836E-0003  2.42090228031753E+0002 -4.23533703759836E-0003  2.42090228031753E+0002 -4.23533703759836E-0003  2.42090228031753E+0002
 8.12645629882812E+0002 -4.81484916002493E-0003  2.80852161764793E+0002 -4.81484916002493E-0003  2.80852161764793E+0002 -4.81484916002493E-0003  2.80852161764793E+0002
