    Time[s]      Count Rate[Counts/ms]
   50.749999         0.00
   50.754999         0.00
   50.759999         0.20
   50.764999         0.20
   50.769999         0.00
   50.774999         0.40
   50.779999         0.40
   50.784999         0.00
   50.789999         0.00
   50.794999         0.40
   50.799999         0.00
   50.804999         0.20
   50.809999         0.80
   50.814999         0.20
   50.819999         0.40
   50.824999         0.20
   50.829999         0.00
   50.834999         0.20
   50.839999         0.20
   50.844999         0.00
   50.849999         0.00
   50.854999         0.20
   50.859999         0.20
   50.864999         0.00
   50.869999         0.20
   50.874999         0.00
   50.879999         0.00
   50.884999         0.00
   50.889999         0.00
   50.894999         0.40
   50.899999         0.40
   50.904999         0.00
   50.909999         0.40
   50.914999         0.00
   50.919999         2.00
   50.924999         4.20
   50.929999         5.60
   50.934999         4.80
   50.939999         4.20
   50.944999         5.20
   50.949999         4.60
   50.954999         5.20
   50.959999         5.60
   50.964999         5.60
   50.969999         4.00
   50.974999         3.00
   50.979999         5.80
   50.984999         5.60
   50.989999         4.60
   50.994999         5.80
   50.999999         4.20
   51.004999         5.40
   51.009999         4.00
   51.014999         7.60
   51.019999         5.60
   51.024999         7.80
   51.029999         3.20
   51.034999         5.00
   51.039999         4.80
   51.044999         3.40
   51.049999         4.80
   51.054999         4.60
   51.059999         5.80
   51.064999         3.00
   51.069999         5.00
   51.074999         4.40
   51.079999         3.80
   51.084999         7.20
   51.089999         5.00
   51.094999         5.40
   51.099999         5.40
   51.104999         4.40
   51.109999         5.60
   51.114999         6.80
   51.119999         4.40
   51.124999         4.20
   51.129999         4.40
   51.134999         2.40
   51.139999         5.40
   51.144999         5.40
   51.149999         4.00
   51.154999         6.80
   51.159999         3.80
   51.164999         5.80
   51.169999         3.20
   51.174999         3.60
   51.179999         4.60
   51.184999         6.00
   51.189999         4.00
   51.194999         5.00
   51.199999         4.60
   51.204999         5.20
   51.209999         4.80
   51.214999         5.00
   51.219999         4.80
   51.224999         4.20
   51.229999         3.60
   51.234999         4.00
   51.239999         0.20
   51.244999         0.00
   51.249999         0.40
   51.254999         0.20
   51.259999         0.40
   51.264999         0.00
   51.269999         0.00
   51.274999         0.00
   51.279999         0.00
   51.284999         0.00
   51.289999         0.20
   51.294999         0.20
   51.299999         0.00
   51.304999         0.00
   51.309999         0.20
   51.314999         0.00
   51.319999         0.00
   51.324999         0.00
   51.329999         0.20
   51.334999         0.00
   51.339999         0.40
   51.344999         0.20
   51.349999         0.00
   51.354999         0.20
   51.359999         0.00
   51.364999         0.40
   51.369999         0.20
   51.374999         0.20
   51.379999         0.00
   51.384999         0.00
   51.389999         0.00
   51.394999         0.20
   51.399999         0.00
   51.404999         0.00
   51.409999         0.20
   51.414999         0.40
   51.419999         0.00
   51.424999         0.20
   51.429999         0.20
   51.434999         0.00
   51.439999         0.40
   51.444999         0.60
   51.449999         0.20
   51.454999         0.40
   51.459999         0.00
   51.464999         0.00
   51.469999         0.00
   51.474999         0.00
   51.479999         0.00
   51.484999         0.00
   51.489999         0.20
   51.494999         0.20
   51.499999         0.00
   51.504999         0.40
   51.509999         0.20
   51.514999         0.00
   51.519999         0.00
   51.524999         0.40
   51.529999         0.00
   51.534999         0.20
   51.539999         0.20
   51.544999         0.00
   51.549999         0.20
   51.554999         0.40
   51.559999         0.20
   51.564999         0.20
   51.569999         0.00
   51.574999         0.20
   51.579999         0.20
   51.584999         0.40
   51.589999         0.40
   51.594999         0.20
   51.599999         0.00
   51.604999         0.00
   51.609999         0.00
   51.614999         0.40
   51.619999         0.20
   51.624999         0.20
   51.629999         0.40
   51.634999         0.20
   51.639999         0.00
   51.644999         0.20
   51.649999         0.40
   51.654999         0.00
   51.659999         0.00
   51.664999         0.00
   51.669999         0.20
   51.674999         0.00
   51.679999         0.20
   51.684999         0.60
   51.689999         0.00
   51.694999         0.40
   51.699999         0.20
   51.704999         0.20
   51.709999         0.20
   51.714999         0.00
   51.719999         0.00
   51.724999         0.00
   51.729999         0.40
   51.734999         0.00
   51.739999         0.00
   51.744999         0.40
   51.749999         0.00
   51.754999         0.00
   51.759999         0.00
   51.764999         0.40
   51.769999         0.00
   51.774999         0.20
   51.779999         0.00
   51.784999         0.20
   51.789999         0.00
   51.794999         0.40
   51.799999         2.80
   51.804999         2.60
   51.809999         3.00
   51.814999         4.00
   51.819999         4.00
   51.824999         6.00
   51.829999         6.40
   51.834999         4.00
   51.839999         5.40
   51.844999         3.00
   51.849999         5.40
   51.854999         3.60
   51.859999         3.40
   51.864999         3.80
   51.869999         4.60
   51.874999         2.60
   51.879999         3.80
   51.884999         5.40
   51.889999         4.20
   51.894999         5.00
   51.899999         5.00
   51.904999         4.80
   51.909999         4.00
   51.914999         3.60
   51.919999         2.20
   51.924999         4.40
   51.929999         5.00
   51.934999         2.60
   51.939999         3.40
   51.944999         2.60
   51.949999         3.80
   51.954999         3.60
   51.959999         2.80
   51.964999         5.20
   51.969999         3.40
   51.974999         4.80
   51.979999         4.00
   51.984999         6.00
   51.989999         6.80
   51.994999         5.20
   51.999999         4.20
   52.004999         5.60
   52.009999         5.60
   52.014999         5.00
   52.019999         5.00
   52.024999         4.60
   52.029999         4.00
   52.034999         2.60
   52.039999         4.60
   52.044999         4.80
   52.049999         5.40
   52.054999         3.40
   52.059999         6.20
   52.064999         4.60
   52.069999         2.40
   52.074999         3.40
   52.079999         4.80
   52.084999         5.40
   52.089999         5.80
   52.094999         2.80
   52.099999         6.60
   52.104999         3.80
   52.109999         3.40
   52.114999         5.00
   52.119999         4.60
   52.124999         2.80
   52.129999         5.00
   52.134999         5.20
   52.139999         4.00
   52.144999         3.00
   52.149999         4.60
   52.154999         3.20
   52.159999         5.20
   52.164999         3.20
   52.169999         4.80
   52.174999         5.40
   52.179999         2.40
   52.184999         6.40
   52.189999         5.00
   52.194999         4.20
   52.199999         5.20
   52.204999         5.40
   52.209999         7.60
   52.214999         5.00
   52.219999         5.20
   52.224999         4.20
   52.229999         4.00
   52.234999         3.80
   52.239999         3.40
   52.244999         4.80
   52.249999         4.00
   52.254999         3.60
   52.259999         4.60
   52.264999         6.00
   52.269999         0.60
   52.274999         0.00
   52.279999         3.60
   52.284999         4.20
   52.289999         4.00
   52.294999         4.60
   52.299999         5.40
   52.304999         5.20
   52.309999         1.20
   52.314999         0.20
   52.319999         0.00
   52.324999         0.40
   52.329999         0.20
   52.334999         0.20
   52.339999         0.00
   52.344999         0.00
   52.349999         0.20
   52.354999         0.00
   52.359999         0.20
   52.364999         0.20
   52.369999         0.00
   52.374999         0.40
   52.379999         0.00
   52.384999         0.00
   52.389999         0.00
   52.394999         0.40
   52.399999         0.20
   52.404999         0.20
   52.409999         0.40
   52.414999         0.20
   52.419999         0.00
   52.424999         0.20
   52.429999         0.20
   52.434999         0.40
   52.439999         0.20
   52.444999         0.20
   52.449999         0.00
   52.454999         0.20
   52.459999         0.40
   52.464999         0.00
   52.469999         0.20
   52.474999         2.20
   52.479999         4.60
   52.484999         3.60
   52.489999         3.60
   52.494999         2.80
   52.499999         3.00
   52.504999         3.20
   52.509999         3.80
   52.514999         5.60
   52.519999         0.20
   52.524999         0.80
   52.529999         0.20
   52.534999         0.20
   52.539999         0.00
   52.544999         3.20
   52.549999         3.40
   52.554999         6.00
   52.559999         4.00
   52.564999         3.80
   52.569999         4.80
   52.574999         1.80
   52.579999         0.00
   52.584999         0.20
   52.589999         0.00
   52.594999         0.80
   52.599999         2.80
   52.604999         5.20
   52.609999         3.80
   52.614999         4.20
   52.619999         4.60
   52.624999         5.00
   52.629999         3.60
   52.634999         5.40
   52.639999         4.00
   52.644999         2.60
   52.649999         4.20
   52.654999         5.40
   52.659999         2.60
   52.664999         5.20
   52.669999         3.00
   52.674999         5.40
   52.679999         4.20
   52.684999         4.40
   52.689999         2.20
   52.694999         2.60
   52.699999         7.40
   52.704999         4.80
   52.709999         5.60
   52.714999         3.80
   52.719999         4.20
   52.724999         4.80
   52.729999         5.60
   52.734999         5.00
   52.739999         3.00
   52.744999         5.60
   52.749999         4.60
   52.754999         4.00
   52.759999         5.00
   52.764999         4.60
   52.769999         2.60
   52.774999         4.80
   52.779999         3.80
   52.784999         5.20
   52.789999         4.20
   52.794999         3.60
   52.799999         3.20
   52.804999         4.60
   52.809999         7.00
   52.814999         3.80
   52.819999         5.40
   52.824999         5.00
   52.829999         5.40
   52.834999         5.80
   52.839999         5.00
   52.844999         1.80
   52.849999         0.00
   52.854999         0.00
   52.859999         0.00
   52.864999         0.20
   52.869999         0.00
   52.874999         0.20
   52.879999         0.20
   52.884999         0.00
   52.889999         0.00
   52.894999         2.80
   52.899999         1.20
   52.904999         0.00
   52.909999         0.40
   52.914999         0.40
   52.919999         0.40
   52.924999         0.00
   52.929999         0.00
   52.934999         0.20
   52.939999         0.20
   52.944999         0.00
   52.949999         0.20
   52.954999         0.00
   52.959999         0.20
   52.964999         0.00
   52.969999         0.20
   52.974999         0.20
   52.979999         0.40
   52.984999         0.20
   52.989999         0.80
   52.994999         0.20
   52.999999         0.20
   53.004999         1.00
   53.009999         0.00
   53.014999         0.20
   53.019999         0.00
   53.024999         0.00
   53.029999         0.60
   53.034999         0.20
   53.039999         0.20
   53.044999         0.00
   53.049999         0.20
   53.054999         0.40
   53.059999         0.00
   53.064999         0.20
   53.069999         0.00
   53.074999         0.00
   53.079999         0.20
   53.084999         0.40
   53.089999         0.00
   53.094999         0.00
   53.099999         0.20
   53.104999         0.00
   53.109999         0.40
   53.114999         0.20
   53.119999         0.00
   53.124999         0.20
   53.129999         0.20
   53.134999         0.00
   53.139999         0.20
   53.144999         0.20
   53.149999         0.20
   53.154999         0.00
   53.159999         0.40
   53.164999         0.20
   53.169999         0.00
   53.174999         0.00
   53.179999         0.00
   53.184999         0.20
   53.189999         0.40
   53.194999         0.00
   53.199999         0.20
   53.204999         0.40
   53.209999         0.00
   53.214999         0.20
   53.219999         0.00
   53.224999         0.00
   53.229999         0.00
   53.234999         0.20
   53.239999         0.00
   53.244999         0.00
   53.249999         0.00
   53.254999         0.60
   53.259999         0.20
   53.264999         0.20
   53.269999         0.40
   53.274999         0.20
   53.279999         0.60
   53.284999         0.20
   53.289999         0.20
   53.294999         0.20
   53.299999         0.00
   53.304999         0.00
   53.309999         0.00
   53.314999         0.20
   53.319999         0.80
   53.324999         0.00
   53.329999         0.00
   53.334999         0.00
   53.339999         0.60
   53.344999         0.00
   53.349999         0.00
   53.354999         0.20
   53.359999         0.00
   53.364999         0.00
   53.369999         0.20
   53.374999         0.00
   53.379999         0.20
   53.384999         0.20
   53.389999         2.60
   53.394999         3.60
   53.399999         3.20
   53.404999         3.80
   53.409999         3.20
   53.414999         4.20
   53.419999         3.00
   53.424999         3.40
   53.429999         0.20
   53.434999         0.00
   53.439999         0.00
   53.444999         0.00
   53.449999         0.00
   53.454999         0.00
   53.459999         0.00
   53.464999         0.00
   53.469999         0.20
   53.474999         0.20
   53.479999         0.00
   53.484999         0.00
   53.489999         0.00
   53.494999         0.40
   53.499999         0.40
   53.504999         0.20
   53.509999         0.40
   53.514999         0.20
   53.519999         0.20
   53.524999         0.00
   53.529999         0.40
   53.534999         0.20
   53.539999         0.40
   53.544999         0.00
   53.549999         0.00
   53.554999         0.00
   53.559999         0.20
   53.564999         0.20
   53.569999         0.20
   53.574999         0.40
   53.579999         0.20
   53.584999         0.00
   53.589999         0.40
   53.594999         0.00
   53.599999         0.00
   53.604999         0.20
   53.609999         0.00
   53.614999         0.40
   53.619999         0.20
   53.624999         0.20
   53.629999         0.00
   53.634999         0.00
   53.639999         0.80
   53.644999         0.60
   53.649999         0.00
   53.654999         0.00
   53.659999         0.00
   53.664999         0.20
   53.669999         0.00
   53.674999         0.80
   53.679999         0.00
   53.684999         0.20
   53.689999         0.40
   53.694999         0.00
   53.699999         0.00
   53.704999         0.20
   53.709999         0.40
   53.714999         0.60
   53.719999         0.20
   53.724999         0.00
   53.729999         0.60
   53.734999         0.60
   53.739999         0.00
   53.744999         2.80
   53.749999         6.80
   53.754999         0.80
   53.759999         0.00
   53.764999         0.20
   53.769999         0.00
   53.774999         0.00
   53.779999         0.00
   53.784999         0.20
   53.789999         0.40
   53.794999         0.00
   53.799999         0.20
   53.804999         0.20
   53.809999         0.00
   53.814999         0.20
   53.819999         0.40
   53.824999         0.20
   53.829999         0.00
   53.834999         0.00
   53.839999         0.20
   53.844999         0.00
   53.849999         0.00
   53.854999         0.20
   53.859999         0.40
   53.864999         0.00
   53.869999         0.00
   53.874999         0.00
   53.879999         0.20
   53.884999         0.40
   53.889999         0.00
   53.894999         0.20
   53.899999         0.00
   53.904999         0.00
   53.909999         0.40
   53.914999         0.00
   53.919999         0.40
   53.924999         0.00
   53.929999         1.00
   53.934999         2.80
   53.939999         5.00
   53.944999         3.80
   53.949999         6.40
   53.954999         4.80
   53.959999         5.00
   53.964999         4.80
   53.969999         3.40
   53.974999         5.00
   53.979999         0.00
   53.984999         0.20
   53.989999         0.40
   53.994999         0.40
   53.999999         0.00
   54.004999         0.40
   54.009999         0.20
   54.014999         0.00
   54.019999         0.00
   54.024999         0.00
   54.029999         0.40
   54.034999         0.00
   54.039999         0.20
   54.044999         0.20
   54.049999         0.40
   54.054999         0.00
   54.059999         0.00
   54.064999         0.00
   54.069999         0.40
   54.074999         0.00
   54.079999         0.20
   54.084999         0.00
   54.089999         0.40
   54.094999         0.20
   54.099999         0.00
   54.104999         0.60
   54.109999         0.20
   54.114999         0.00
   54.119999         0.00
   54.124999         0.00
   54.129999         0.40
   54.134999         0.00
   54.139999         0.40
   54.144999         0.00
   54.149999         0.00
   54.154999         0.40
   54.159999         0.40
   54.164999         0.20
   54.169999         0.40
   54.174999         0.60
   54.179999         0.00
   54.184999         0.00
   54.189999         0.00
   54.194999         0.20
   54.199999         0.00
   54.204999         0.20
   54.209999         0.40
   54.214999         0.00
   54.219999         0.20
   54.224999         0.00
   54.229999         0.40
   54.234999         0.00
   54.239999         0.00
   54.244999         0.20
   54.249999         0.20
   54.254999         0.20
   54.259999         0.00
   54.264999         0.40
   54.269999         0.00
   54.274999         5.20
   54.279999         3.60
   54.284999         3.00
   54.289999         2.80
   54.294999         3.60
   54.299999         3.40
   54.304999         2.40
   54.309999         5.80
   54.314999         5.20
   54.319999         4.60
   54.324999         4.20
   54.329999         3.40
   54.334999         5.20
   54.339999         5.00
   54.344999         3.40
   54.349999         4.40
   54.354999         3.60
   54.359999         3.80
   54.364999         4.40
   54.369999         5.60
   54.374999         3.00
   54.379999         5.00
   54.384999         4.40
   54.389999         4.80
   54.394999         3.80
   54.399999         5.20
   54.404999         3.60
   54.409999         5.20
   54.414999         3.60
   54.419999         5.20
   54.424999         4.40
   54.429999         5.80
   54.434999         5.40
   54.439999         4.60
   54.444999         4.60
   54.449999         5.20
   54.454999         4.40
   54.459999         4.40
   54.464999         4.00
   54.469999         5.00
   54.474999         4.40
   54.479999         4.20
   54.484999         7.40
   54.489999         4.60
   54.494999         5.60
   54.499999         4.20
   54.504999         4.80
   54.509999         4.80
   54.514999         4.40
   54.519999         6.60
   54.524999         6.40
   54.529999         4.80
   54.534999         4.60
   54.539999         7.00
   54.544999         3.60
   54.549999         3.60
   54.554999         7.20
   54.559999         4.80
   54.564999         5.60
   54.569999         4.60
   54.574999         3.60
   54.579999         3.60
   54.584999         4.40
   54.589999         3.20
   54.594999         4.80
   54.599999         1.40
   54.604999         4.40
   54.609999         5.00
   54.614999         6.20
   54.619999         3.60
   54.624999         4.40
   54.629999         2.60
   54.634999         4.60
   54.639999         7.40
   54.644999         1.00
   54.649999         0.00
   54.654999         0.20
   54.659999         0.40
   54.664999         0.20
   54.669999         0.80
   54.674999         0.40
   54.679999         0.40
   54.684999         0.00
   54.689999         0.40
   54.694999         0.00
   54.699999         0.40
   54.704999         0.00
   54.709999         0.20
   54.714999         0.00
   54.719999         0.20
   54.724999         0.00
   54.729999         0.20
   54.734999         0.00
   54.739999         0.00
   54.744999         0.40
   54.749999         0.00
   54.754999         0.20
   54.759999         0.00
   54.764999         0.20
   54.769999         0.20
   54.774999         0.20
   54.779999         0.00
   54.784999         0.20
   54.789999         0.20
   54.794999         0.20
   54.799999         0.00
   54.804999         0.60
   54.809999         0.00
   54.814999         0.20
   54.819999         0.40
   54.824999         0.20
   54.829999         0.20
   54.834999         0.20
   54.839999         0.20
   54.844999         0.00
   54.849999         0.20
   54.854999         0.00
   54.859999         0.40
   54.864999         0.20
   54.869999         0.00
   54.874999         0.00
   54.879999         0.00
   54.884999         0.00
   54.889999         0.40
   54.894999         0.00
   54.899999         0.00
   54.904999         0.00
   54.909999         0.40
   54.914999         0.20
   54.919999         0.00
   54.924999         0.20
   54.929999         0.20
   54.934999         0.40
   54.939999         0.00
   54.944999         0.00
   54.949999         0.20
   54.954999         0.60
   54.959999         0.20
   54.964999         0.00
   54.969999         1.20
   54.974999         0.20
   54.979999         0.20
   54.984999         0.00
   54.989999         0.40
   54.994999         0.00
   54.999999         0.00
   55.004999         0.00
   55.009999         0.40
   55.014999         0.20
   55.019999         0.20
   55.024999         0.20
   55.029999         0.00
   55.034999         0.00
   55.039999         0.60
   55.044999         0.40
   55.049999         0.00
   55.054999         0.00
   55.059999         0.00
   55.064999         0.00
   55.069999         0.20
   55.074999         0.40
   55.079999         0.20
   55.084999         0.40
   55.089999         0.00
   55.094999         0.40
   55.099999         0.40
   55.104999         0.00
   55.109999         0.40
   55.114999         0.20
   55.119999         0.00
   55.124999         0.20
   55.129999         0.00
   55.134999         0.20
   55.139999         0.00
   55.144999         0.40
   55.149999         0.20
   55.154999         0.40
   55.159999         0.00
   55.164999         0.00
   55.169999         0.20
   55.174999         0.00
   55.179999         0.20
   55.184999         0.20
   55.189999         0.20
   55.194999         0.20
   55.199999         0.20
   55.204999         0.20
   55.209999         0.00
   55.214999         0.00
   55.219999         0.80
   55.224999         0.20
   55.229999         0.00
   55.234999         0.00
   55.239999         0.20
   55.244999         0.20
   55.249999         0.20
   55.254999         0.20
   55.259999         0.00
   55.264999         0.00
   55.269999         0.20
   55.274999         0.20
   55.279999         0.40
   55.284999         0.20
   55.289999         0.00
   55.294999         0.20
   55.299999         0.20
   55.304999         0.40
   55.309999         0.00
   55.314999         0.00
   55.319999         0.00
   55.324999         0.00
   55.329999         0.20
   55.334999         0.00
   55.339999         0.20
   55.344999         0.00
   55.349999         0.00
   55.354999         0.00
   55.359999         0.20
   55.364999         0.00
   55.369999         0.00
   55.374999         0.80
   55.379999         0.20
   55.384999         0.20
   55.389999         0.40
   55.394999         0.00
   55.399999         0.00
   55.404999         0.20
   55.409999         0.40
   55.414999         0.20
   55.419999         0.20
   55.424999         0.00
   55.429999         0.00
   55.434999         0.00
   55.439999         0.40
   55.444999         0.60
   55.449999         0.00
   55.454999         0.20
   55.459999         0.20
   55.464999         0.00
   55.469999         0.00
   55.474999         0.00
   55.479999         0.40
   55.484999         0.20
   55.489999         0.00
   55.494999         0.00
   55.499999         0.20
   55.504999         0.00
   55.509999         0.00
   55.514999         0.20
   55.519999         0.20
   55.524999         0.20
   55.529999         0.20
   55.534999         0.00
   55.539999         0.40
   55.544999         0.00
   55.549999         0.20
   55.554999         0.40
   55.559999         0.60
   55.564999         0.00
   55.569999         0.20
   55.574999         0.00
   55.579999         0.00
   55.584999         0.00
   55.589999         0.00
   55.594999         0.00
   55.599999         0.20
   55.604999         0.00
   55.609999         0.00
   55.614999         0.00
   55.619999         0.00
   55.624999         0.20
   55.629999         0.00
   55.634999         0.00
   55.639999         0.00
   55.644999         0.20
   55.649999         0.40
   55.654999         0.20
   55.659999         0.20
   55.664999         0.20
   55.669999         0.20
   55.674999         0.20
   55.679999         0.00
   55.684999         0.00
   55.689999         0.00
   55.694999         0.40
   55.699999         0.20
   55.704999         0.20
   55.709999         0.00
   55.714999         0.00
   55.719999         0.00
   55.724999         0.00
   55.729999         0.20
   55.734999         0.00
   55.739999         0.00
   55.744999         0.40
   55.749999         0.40
   55.754999         0.20
   55.759999         0.40
   55.764999         0.20
   55.769999         0.20
   55.774999         0.00
   55.779999         0.00
   55.784999         0.00
   55.789999         0.20
   55.794999         0.20
   55.799999         0.00
   55.804999         0.40
   55.809999         0.20
   55.814999         0.00
   55.819999         0.20
   55.824999         0.20
   55.829999         0.20
   55.834999         0.00
   55.839999         0.00
   55.844999         0.00
   55.849999         0.00
   55.854999         0.60
   55.859999         0.60
   55.864999         0.20
   55.869999         0.20
   55.874999         0.40
   55.879999         0.80
   55.884999         0.40
   55.889999         0.00
   55.894999         0.80
   55.899999         0.00
   55.904999         0.00
   55.909999         0.40
   55.914999         0.00
   55.919999         0.00
   55.924999         0.20
   55.929999         0.00
   55.934999         0.40
   55.939999         0.40
   55.944999         0.00
   55.949999         0.00
   55.954999         0.20
   55.959999         0.00
   55.964999         0.20
   55.969999         0.00
   55.974999         0.00
   55.979999         0.20
   55.984999         5.60
   55.989999         5.60
   55.994999         4.20
   55.999999         2.20
   56.004999         2.80
   56.009999         3.80
   56.014999         2.60
   56.019999         5.60
   56.024999         3.40
   56.029999         3.80
   56.034999         3.60
   56.039999         3.40
   56.044999         2.40
   56.049999         3.40
   56.054999         3.60
   56.059999         0.20
   56.064999         0.40
   56.069999         0.80
   56.074999         0.00
   56.079999         0.00
   56.084999         0.60
   56.089999         0.00
   56.094999         0.00
   56.099999         0.00
   56.104999         0.00
   56.109999         0.00
   56.114999         0.20
   56.119999         0.20
   56.124999         0.00
   56.129999         0.00
   56.134999         0.00
   56.139999         0.40
   56.144999         0.20
   56.149999         0.20
   56.154999         0.00
   56.159999         0.60
   56.164999         0.20
   56.169999         0.00
   56.174999         0.20
   56.179999         0.40
   56.184999         0.00
   56.189999         0.00
   56.194999         0.20
   56.199999         0.20
   56.204999         0.00
   56.209999         0.00
   56.214999         0.00
   56.219999         0.00
   56.224999         0.00
   56.229999         0.20
   56.234999         0.40
   56.239999         0.00
   56.244999         0.40
   56.249999         0.20
   56.254999         0.00
   56.259999         0.40
   56.264999         0.20
   56.269999         0.00
   56.274999         0.20
   56.279999         0.00
   56.284999         0.20
   56.289999         0.00
   56.294999         0.00
   56.299999         0.00
   56.304999         0.80
   56.309999         0.40
   56.314999         0.00
   56.319999         0.00
   56.324999         0.00
   56.329999         0.00
   56.334999         0.00
   56.339999         0.00
   56.344999         0.00
   56.349999         0.20
   56.354999         0.00
   56.359999         0.60
   56.364999         0.00
   56.369999         0.00
   56.374999         0.00
   56.379999         0.20
   56.384999         3.00
   56.389999         5.20
   56.394999         2.40
   56.399999         3.80
   56.404999         2.80
   56.409999         2.00
   56.414999         5.20
   56.419999         2.40
   56.424999         2.80
   56.429999         4.20
   56.434999         5.20
   56.439999         2.20
   56.444999         2.60
   56.449999         2.40
   56.454999         5.40
   56.459999         4.60
   56.464999         6.60
   56.469999         4.20
   56.474999         2.20
   56.479999         4.20
   56.484999         4.20
   56.489999         3.00
   56.494999         4.20
   56.499999         5.40
   56.504999         5.00
   56.509999         2.60
   56.514999         3.20
   56.519999         3.00
   56.524999         3.20
   56.529999         3.40
   56.534999         3.80
   56.539999         3.00
   56.544999         3.60
   56.549999         3.20
   56.554999         4.00
   56.559999         4.60
   56.564999         3.80
   56.569999         3.80
   56.574999         3.80
   56.579999         2.80
   56.584999         3.80
   56.589999         3.60
   56.594999         2.80
   56.599999         1.60
   56.604999         4.00
   56.609999         4.20
   56.614999         4.20
   56.619999         3.60
   56.624999         3.00
   56.629999         4.60
   56.634999         3.60
   56.639999         2.80
   56.644999         2.60
   56.649999         2.40
   56.654999         4.00
   56.659999         2.00
   56.664999         4.40
   56.669999         3.20
   56.674999         4.40
   56.679999         4.40
   56.684999         5.40
   56.689999         5.20
   56.694999         3.00
   56.699999         4.40
   56.704999         0.00
   56.709999         0.00
   56.714999         0.00
   56.719999         0.60
   56.724999         0.20
   56.729999         0.20
   56.734999         0.40
   56.739999         0.20
   56.744999         0.60
   56.749999         0.20
   56.754999         0.00
   56.759999         0.20
   56.764999         0.20
   56.769999         0.00
   56.774999         0.00
   56.779999         0.00
   56.784999         0.00
   56.789999         0.00
   56.794999         0.20
   56.799999         0.00
   56.804999         0.00
   56.809999         0.00
   56.814999         0.00
   56.819999         0.00
   56.824999         0.40
   56.829999         0.00
   56.834999         0.00
   56.839999         0.00
   56.844999         0.00
   56.849999         0.00
   56.854999         0.00
   56.859999         0.20
   56.864999         0.00
   56.869999         0.20
   56.874999         0.00
   56.879999         0.00
   56.884999         0.20
   56.889999         0.00
   56.894999         0.20
   56.899999         0.00
   56.904999         0.00
   56.909999         0.00
   56.914999         0.40
   56.919999         0.00
   56.924999         0.20
   56.929999         0.00
   56.934999         0.00
   56.939999         0.00
   56.944999         0.20
   56.949999         0.00
   56.954999         0.40
   56.959999         0.00
   56.964999         0.20
   56.969999         0.00
   56.974999         0.00
   56.979999         0.20
   56.984999         0.00
   56.989999         0.40
   56.994999         0.20
   56.999999         0.00
   57.004999         0.00
   57.009999         0.20
   57.014999         0.20
   57.019999         0.00
   57.024999         0.00
   57.029999         0.20
   57.034999         0.40
   57.039999         0.00
   57.044999         0.00
   57.049999         0.00
   57.054999         0.00
   57.059999         0.00
   57.064999         0.00
   57.069999         0.20
   57.074999         0.00
   57.079999         0.40
   57.084999         0.00
   57.089999         0.00
   57.094999         0.00
   57.099999         0.00
   57.104999         0.00
   57.109999         0.00
   57.114999         0.00
   57.119999         0.00
   57.124999         0.00
   57.129999         0.40
   57.134999         0.20
   57.139999         0.00
   57.144999         0.00
   57.149999         0.00
   57.154999         0.00
   57.159999         0.00
   57.164999         0.20
   57.169999         0.00
   57.174999         0.00
   57.179999         0.00
   57.184999         0.00
   57.189999         0.00
   57.194999         0.20
   57.199999         0.00
   57.204999         0.00
   57.209999         0.40
   57.214999         0.00
   57.219999         0.00
   57.224999         0.00
   57.229999         0.00
   57.234999         0.20
   57.239999         0.20
   57.244999         0.00
   57.249999         0.00
   57.254999         0.20
   57.259999         0.00
   57.264999         0.20
   57.269999         0.00
   57.274999         0.00
   57.279999         0.40
   57.284999         0.20
   57.289999         0.20
   57.294999         0.20
   57.299999         0.20
   57.304999         0.20
   57.309999         0.00
   57.314999         0.20
   57.319999         0.00
   57.324999         0.00
   57.329999         0.00
   57.334999         0.00
   57.339999         0.00
   57.344999         0.00
   57.349999         0.40
   57.354999         0.00
   57.359999         0.20
   57.364999         0.00
   57.369999         0.20
   57.374999         0.20
   57.379999         0.20
   57.384999         0.00
   57.389999         0.00
   57.394999         0.00
   57.399999         0.00
   57.404999         0.00
   57.409999         0.00
   57.414999         0.20
   57.419999         0.00
   57.424999         0.00
   57.429999         0.20
   57.434999         0.00
   57.439999         0.00
   57.444999         0.00
   57.449999         0.00
   57.454999         0.20
   57.459999         0.20
   57.464999         0.00
   57.469999         0.00
   57.474999         0.00
   57.479999         0.20
   57.484999         0.20
   57.489999         0.00
   57.494999         0.00
   57.499999         0.00
   57.504999         0.00
   57.509999         0.40
   57.514999         0.00
   57.519999         0.00
   57.524999         0.20
   57.529999         0.20
   57.534999         0.00
   57.539999         0.00
   57.544999         0.20
   57.549999         0.00
   57.554999         0.00
   57.559999         0.20
   57.564999         0.00
   57.569999         0.00
   57.574999         0.00
   57.579999         0.00
   57.584999         0.00
   57.589999         0.00
   57.594999         0.00
   57.599999         0.00
   57.604999         0.00
   57.609999         0.20
   57.614999         0.00
   57.619999         0.40
   57.624999         0.00
   57.629999         0.00
   57.634999         0.00
   57.639999         0.00
   57.644999         0.00
   57.649999         0.00
   57.654999         0.20
   57.659999         0.00
   57.664999         0.00
   57.669999         0.00
   57.674999         0.00
   57.679999         0.00
   57.684999         0.00
   57.689999         0.00
   57.694999         0.00
   57.699999         0.00
   57.704999         0.00
   57.709999         0.60
   57.714999         0.00
   57.719999         0.00
   57.724999         0.00
   57.729999         0.20
   57.734999         0.00
   57.739999         0.00
   57.744999         0.20
   57.749999         0.00
   57.754999         0.00
   57.759999         0.00
   57.764999         0.00
   57.769999         0.00
   57.774999         0.00
   57.779999         0.00
   57.784999         0.00
   57.789999         0.20
   57.794999         0.00
   57.799999         0.40
   57.804999         0.00
   57.809999         0.40
   57.814999         0.00
   57.819999         0.00
   57.824999         0.40
   57.829999         0.00
   57.834999         0.00
   57.839999         0.00
   57.844999         0.00
   57.849999         0.20
   57.854999         0.00
   57.859999         0.00
   57.864999         0.20
   57.869999         0.00
   57.874999         0.00
   57.879999         0.20
   57.884999         0.00
   57.889999         0.00
   57.894999         0.00
   57.899999         0.00
   57.904999         0.20
   57.909999         0.20
   57.914999         0.00
   57.919999         0.20
   57.924999         0.20
   57.929999         0.00
   57.934999         0.00
   57.939999         0.20
   57.944999         0.00
   57.949999         0.20
   57.954999         0.20
   57.959999         0.00
   57.964999         0.00
   57.969999         0.00
   57.974999         0.00
   57.979999         0.00
   57.984999         0.20
   57.989999         0.00
   57.994999         0.00
   57.999999         0.00
   58.004999         0.00
   58.009999         0.00
   58.014999         0.20
   58.019999         0.20
   58.024999         0.20
   58.029999         0.40
   58.034999         0.00
   58.039999         0.60
   58.044999         0.00
   58.049999         0.00
   58.054999         0.20
   58.059999         0.60
   58.064999         0.00
   58.069999         0.00
   58.074999         0.20
   58.079999         0.20
   58.084999         0.00
   58.089999         0.00
   58.094999         0.40
   58.099999         0.60
   58.104999         0.20
   58.109999         0.60
   58.114999         0.00
   58.119999         0.00
   58.124999         0.00
   58.129999         0.20
   58.134999         0.00
   58.139999         0.00
   58.144999         0.00
   58.149999         0.00
   58.154999         0.00
   58.159999         0.00
   58.164999         0.00
   58.169999         0.00
   58.174999         0.20
   58.179999         0.00
   58.184999         0.20
   58.189999         0.00
   58.194999         0.20
   58.199999         0.00
   58.204999         0.00
   58.209999         0.00
   58.214999         0.00
   58.219999         0.00
   58.224999         0.00
   58.229999         0.00
   58.234999         0.20
   58.239999         0.40
   58.244999         0.00
   58.249999         0.00
   58.254999         0.00
   58.259999         0.00
   58.264999         0.00
   58.269999         0.40
   58.274999         0.00
   58.279999         0.20
   58.284999         0.00
   58.289999         0.20
   58.294999         0.20
   58.299999         0.20
   58.304999         0.40
   58.309999         0.20
   58.314999         0.40
   58.319999         0.00
   58.324999         0.00
   58.329999         0.00
   58.334999         0.20
   58.339999         0.00
   58.344999         0.20
   58.349999         0.00
   58.354999         0.00
   58.359999         0.00
   58.364999         0.20
   58.369999         0.00
   58.374999         0.00
   58.379999         0.00
   58.384999         0.00
   58.389999         0.00
   58.394999         0.00
   58.399999         0.00
   58.404999         0.40
   58.409999         0.00
   58.414999         0.20
   58.419999         0.40
   58.424999         0.00
   58.429999         0.00
   58.434999         0.20
   58.439999         0.00
   58.444999         0.40
   58.449999         0.40
   58.454999         0.20
   58.459999         0.00
   58.464999         0.00
   58.469999         0.20
   58.474999         0.20
   58.479999         0.20
   58.484999         0.00
   58.489999         0.20
   58.494999         0.00
   58.499999         0.20
   58.504999         0.20
   58.509999         0.20
   58.514999         0.00
   58.519999         0.00
   58.524999         0.20
   58.529999         0.20
   58.534999         0.00
   58.539999         0.00
   58.544999         0.20
   58.549999         0.20
   58.554999         0.20
   58.559999         0.20
   58.564999         0.00
   58.569999         0.00
   58.574999         0.20
   58.579999         0.20
   58.584999         0.40
   58.589999         0.00
   58.594999         0.00
   58.599999         0.20
   58.604999         0.00
   58.609999         0.20
   58.614999         0.00
   58.619999         0.00
   58.624999         0.00
   58.629999         0.00
   58.634999         0.20
   58.639999         0.00
   58.644999         0.00
   58.649999         0.20
   58.654999         0.00
   58.659999         0.20
   58.664999         0.20
   58.669999         0.00
   58.674999         0.00
   58.679999         0.00
   58.684999         0.40
   58.689999         0.00
   58.694999         0.20
   58.699999         0.40
   58.704999         0.40
   58.709999         0.00
   58.714999         0.00
   58.719999         0.00
   58.724999         0.20
   58.729999         0.00
   58.734999         0.00
   58.739999         0.20
   58.744999         0.00
   58.749999         0.20
   58.754999         0.00
   58.759999         0.20
   58.764999         0.00
   58.769999         0.00
   58.774999         0.00
   58.779999         0.00
   58.784999         0.00
   58.789999         0.00
   58.794999         0.00
   58.799999         0.00
   58.804999         0.00
   58.809999         0.20
   58.814999         0.00
   58.819999         0.60
   58.824999         0.00
   58.829999         0.40
   58.834999         0.00
   58.839999         0.00
   58.844999         0.40
   58.849999         0.00
   58.854999         0.00
   58.859999         0.20
   58.864999         0.00
   58.869999         0.20
   58.874999         0.20
   58.879999         0.60
   58.884999         0.20
   58.889999         0.20
   58.894999         0.00
   58.899999         0.00
   58.904999         0.00
   58.909999         0.00
   58.914999         0.00
   58.919999         0.00
   58.924999         0.20
   58.929999         0.00
   58.934999         0.00
   58.939999         0.20
   58.944999         0.00
   58.949999         0.00
   58.954999         0.20
   58.959999         0.00
   58.964999         0.00
   58.969999         0.00
   58.974999         0.00
   58.979999         0.00
   58.984999         0.00
   58.989999         0.00
   58.994999         0.00
   58.999999         0.00
   59.004999         0.20
   59.009999         0.20
   59.014999         0.00
   59.019999         0.00
   59.024999         0.00
   59.029999         0.00
   59.034999         0.00
   59.039999         0.20
   59.044999         0.00
   59.049999         0.20
   59.054999         0.20
   59.059999         0.20
   59.064999         0.20
   59.069999         0.00
   59.074999         0.20
   59.079999         0.00
   59.084999         0.40
   59.089999         0.00
   59.094999         0.60
   59.099999         0.00
   59.104999         0.00
   59.109999         0.60
   59.114999         0.40
   59.119999         0.00
   59.124999         0.00
   59.129999         0.00
   59.134999         0.20
   59.139999         0.00
   59.144999         0.00
   59.149999         0.20
   59.154999         0.20
   59.159999         0.00
   59.164999         0.00
   59.169999         0.00
   59.174999         0.00
   59.179999         0.00
   59.184999         0.20
   59.189999         0.20
   59.194999         0.20
   59.199999         0.00
   59.204999         0.00
   59.209999         0.00
   59.214999         0.00
   59.219999         0.00
   59.224999         0.20
   59.229999         0.00
   59.234999         0.00
   59.239999         0.00
   59.244999         0.20
   59.249999         0.00
   59.254999         0.00
   59.259999         0.00
   59.264999         0.20
   59.269999         0.00
   59.274999         0.00
   59.279999         0.00
   59.284999         0.20
   59.289999         0.00
   59.294999         0.40
   59.299999         0.00
   59.304999         0.00
   59.309999         0.20
   59.314999         0.20
   59.319999         0.00
   59.324999         0.00
   59.329999         0.20
   59.334999         0.00
   59.339999         0.20
   59.344999         0.00
   59.349999         0.00
   59.354999         0.20
   59.359999         0.00
   59.364999         0.00
   59.369999         0.00
   59.374999         0.00
   59.379999         0.00
   59.384999         0.80
   59.389999         0.00
   59.394999         0.00
   59.399999         0.40
   59.404999         0.00
   59.409999         0.20
   59.414999         0.00
   59.419999         0.00
   59.424999         0.00
   59.429999         0.20
   59.434999         0.00
   59.439999         0.00
   59.444999         0.00
   59.449999         0.00
   59.454999         0.20
   59.459999         0.00
   59.464999         0.00
   59.469999         0.20
   59.474999         0.20
   59.479999         0.00
   59.484999         0.00
   59.489999         0.40
   59.494999         0.00
   59.499999         0.00
   59.504999         0.00
   59.509999         0.40
   59.514999         0.00
   59.519999         0.00
   59.524999         0.00
   59.529999         0.00
   59.534999         0.00
   59.539999         0.00
   59.544999         0.20
   59.549999         0.00
   59.554999         0.00
   59.559999         0.40
   59.564999         0.00
   59.569999         0.00
   59.574999         0.00
   59.579999         0.00
   59.584999         0.40
   59.589999         0.00
   59.594999         0.00
   59.599999         0.00
   59.604999         0.20
   59.609999         0.00
   59.614999         0.00
   59.619999         0.00
   59.624999         0.00
   59.629999         0.00
   59.634999         0.00
   59.639999         0.20
   59.644999         0.60
   59.649999         0.20
   59.654999         0.00
   59.659999         0.00
   59.664999         0.40
   59.669999         0.20
   59.674999         0.00
   59.679999         0.00
   59.684999         0.00
   59.689999         0.00
   59.694999         0.00
   59.699999         0.00
   59.704999         0.20
   59.709999         0.00
   59.714999         0.00
   59.719999         0.20
   59.724999         0.40
   59.729999         0.00
   59.734999         0.00
   59.739999         0.00
   59.744999         0.00
   59.749999         0.00
   59.754999         0.20
   59.759999         0.00
   59.764999         0.00
   59.769999         0.00
   59.774999         0.20
   59.779999         0.00
   59.784999         0.00
   59.789999         0.20
   59.794999         0.00
   59.799999         0.00
   59.804999         0.40
   59.809999         0.00
   59.814999         0.00
   59.819999         0.00
   59.824999         0.40
   59.829999         0.40
   59.834999         0.00
   59.839999         0.00
   59.844999         0.20
   59.849999         0.00
   59.854999         0.00
   59.859999         0.20
   59.864999         0.00
   59.869999         0.20
   59.874999         0.20
   59.879999         0.00
   59.884999         0.40
   59.889999         0.20
